![device_pda_1_hud]
        aim_hud_offset_pos               = 0.020236, -0.049088, -0.131044
        aim_hud_offset_pos_16x9          = 0.020236, -0.049088, -0.131044
        aim_hud_offset_rot               = -0.553063, -0.034, 0
        aim_hud_offset_rot_16x9          = -0.553063, -0.034, 0

![device_pda_2_hud]
        aim_hud_offset_pos               = 0.020236, -0.049088, -0.131044
        aim_hud_offset_pos_16x9          = 0.020236, -0.049088, -0.131044
        aim_hud_offset_rot               = -0.553063, -0.034, 0
        aim_hud_offset_rot_16x9          = -0.553063, -0.034, 0

![device_pda_3_hud]
        aim_hud_offset_pos               = 0.020236, -0.049088, -0.131044
        aim_hud_offset_pos_16x9          = 0.020236, -0.049088, -0.131044
        aim_hud_offset_rot               = -0.553063, -0.034, 0
        aim_hud_offset_rot_16x9          = -0.553063, -0.034, 0